A=100B=200.050995
B=200.051
C=200.051000
C=200.051
X
Hello World
